[bg_trees.jpg]
filters=radblur=1,0.485938,0.669014,1.000000,1.000000;
moddate=69ea5d6d3a4ed201
width=640
height=426
textactive=0
